Adjacency Comparison Summary
Generated at: 2025-10-24 22:49:08

Checkpoint: out/composition_20251021_122020/ckpt_50000.pt
Iteration : 50000
Data dir  : /userhome/cs3/u3612899/LLM8/data/datasets/graphA_pg025_tier3

Threshold : 0.0000
MSE       : 0.142275
MAE       : 0.289605
Max |Δ|   : 1.451953
Corr      : 0.311015

TP        : 629
FP        : 3142
FN        : 131
TN        : 4108
Precision : 0.166799
Recall    : 0.827632
F1        : 0.277643
