Adjacency Comparison Summary
Generated at: 2025-10-24 22:53:44

Checkpoint: out/composition_20251022_130242/ckpt_50000.pt
Iteration : 50000
Data dir  : /userhome/cs3/u3612899/LLM8/data/datasets/graphA_pg030_tier3_P13_20

Threshold : 0.0000
MSE       : 0.180051
MAE       : 0.327236
Max |Δ|   : 1.630785
Corr      : 0.299039

TP        : 719
FP        : 2932
FN        : 198
TN        : 4161
Precision : 0.196932
Recall    : 0.784079
F1        : 0.314799
