Adjacency Comparison Summary
Generated at: 2025-10-24 22:50:50

Checkpoint: out/composition_20251021_111454/ckpt_50000.pt
Iteration : 50000
Data dir  : /userhome/cs3/u3612899/LLM8/data/datasets/graphA_pg010_tier3

Threshold : 0.0000
MSE       : 0.101765
MAE       : 0.253297
Max |Δ|   : 1.608894
Corr      : 0.304464

TP        : 286
FP        : 3755
FN        : 17
TN        : 3952
Precision : 0.070775
Recall    : 0.943894
F1        : 0.131676
