Adjacency Comparison Summary
Generated at: 2025-10-24 22:53:14

Checkpoint: out/composition_20251022_124024/ckpt_50000.pt
Iteration : 50000
Data dir  : /userhome/cs3/u3612899/LLM8/data/datasets/graphA_pg030_tier3_P13_0

Threshold : 0.0000
MSE       : 0.209924
MAE       : 0.351654
Max |Δ|   : 1.553525
Corr      : 0.280707

TP        : 702
FP        : 3003
FN        : 215
TN        : 4090
Precision : 0.189474
Recall    : 0.765540
F1        : 0.303765
